103
408
223
181
411
183
199
51
282
91
248
42
194
393
337
320
312
417
218
167
30
143
122
98
139
140
146
147
175
172
111
66
179
207
188
179
120
111
225
71
123
107
157
361
99
38
19
67
212
169
48
162
34
166
144
56
224
51
233
198
54
337
228
107
94
125
105
104
110
188
389
104
36
97
332
99
17
53
36
20
179
275
38
163
158
201
71
41
50
199
53
356
126
111
151
467
116
234
111
45
379
144
37
169
169
96
186
64
21
218
275
49
89
72
93
30
391
41
126
335
97
88
121
113
53
154
141
271
123
105
181
119
401
205
365
106
176
403
63
91
117
116
118
175
86
87
175
123
69
72
90
119
59
49
126
49
34
37
148
91
217
274
65
335
320
40
158
173
266
60
77
156
311
186
159
214
170
123
142
73
76
41
66
34
340
59
119
175
44
332
87
199
148
139
157
105
378
238
153
77
362
159
145
332
26
99
92
98
142
221
96
103
148
82
35
208
159
87
154
57
227
110
79
120
227
220
89
290
96
101
142
159
303
389
53
191
185
343
236
113
115
134
180
384
68
222
193
226
175
135
156
185
164
310
64
72
30
116
42
110
81
159
180
132
89
179
173
453
249
44
37
188
203
302
75
156
142
135
143
335
68
136
318
42
158
29
68
319
74
187
43
248
174
45
219
137
57
383
232
169
308
144
62
180
38
159
342
253
191
277
248
59
292
101
52
38
400
167
305
376
26
271
116
70
276
236
176
228
426
85
241
115
127
109
27
146
333
247
248
211
46
53
29
316
163
308
163
108
121
190
166
146
34
322
347
297
384
194
201
37
238
107
139
55
65
47
161
205
205
324
96
164
184
80
200
144
57
261
96
19
136
154
53
108
326
307
39
141
134
208
125
111
137
119
230
293
290
36
228
131
152
363
119
329
109
81
88
209
143
62
283
85
171
244
100
499
139
34
306
115
109
200
204
173
213
186
283
224
28
282
276
312
159
72
202
111
392
64
99
162
61
137
385
31
133
145
369
37
110
56
85
151
100
134
162
173
142
58
92
73
181
73
250
106
220
236
41
137
148
34
160
198
129
150
232
220
73
121
299
52
201
51
63
190
96
97
203
49
43
29
345
228
221
166
163
36
102
162
161
70
120
87
119
200
69
191
238
308
69
159
378
44
236
171
35
96
132
90
244
91
122
78
91
76
81
116
119
42
179
29
131
308
201
242
109
86
264
223
40
354
291
318
164
269
146
55
51
61
68
278
302
132
376
256
176
139
100
50
107
144
190
94
165
518
402
179
127
40
284
106
173
198
79
213
160
100
118
72
141
168
208
178
219
199
132
65
46
55
242
111
173
74
159
514
270
390
337
202
145
147
214
43
184
219
269
216
83
183
139
121
489
41
322
78
178
177
173
21
186
185
34
30
113
111
53
194
132
21
46
149
314
147
223
241
132
196
269
145
162
244
84
37
183
138
269
113
37
192
294
155
321
332
178
301
258
55
403
335
353
67
99
63
46
171
151
338
75
76
142
325
286
65
100
231
55
112
55
65
207
67
208
159
121
194
273
334
205
176
76
64
493
119
206
311
87
342
219
63
131
296
368
94
89
106
29
114
254
269
210
203
46
226
114
123
49
158
143
173
383
115
152
389
135
72
144
57
182
164
169
106
61
364
126
122
114
32
64
84
88
212
147
105
320
63
400
276
70
73
349
183
189
119
103
136
499
43
87
149
77
41
49
118
40
165
291
62
359
130
279
132
217
120
112
37
155
220
54
116
117
23
108
54
72
107
177
31
65
87
95
46
267
172
129
84
158
78
235
435
126
214
257
109
181
214
122
376
519
580
23
404
28
148
290
95
82
247
72
241
218
128
66
170
38
169
316
133
183
130
172
53
171
162
320
130
329
129
35
192
224
147
226
219
265
197
179
53
70
36
184
197
368
20
356
94
141
152
234
227
71
120
336
187
299
57
287
161
289
288
148
130
22
174
201
169
62
19
275
105
40
160
182
84
343
213
232
65
131
98
228
261
65
88
190
215
61
323
102
85
181
213
100
353
256
140
102
213
291
185
80
135
135
342
248
89
64
100
182
72
226
113
123
212
132
93
339
71
309
396
88
156
55
291
158
65
226
381
364
132
85
320
234
163
354
208
204
191
104
425
225
236
107
43
86
170
20
242
46
115
32
140
359
207
164
51
129
322
76
63
84
155
273
398
353
472
81
254
142
45
101
423
205
57
95
286
101
155
293
111
95
82
47
269
225
75
146
40
122
227
528
426
37
229
216
185
21
224
291
79
113
147
47
226
261
216
95
195
129
457
73
107
159
177
243
157
172
137
59
67
218
124
173
101
205
107
87
139
162
242
54
130
128
138
123
40
145
70
112
323
141
104
53
238
71
72
100
84
236
51
52
230
135
126
84
77
199
218
51
123
73
96
33
96
32
211
108
369
81
149
126
52
237
190
207
294
34
36
173
204
119
141
137
35
143
24
588
136
156
102
93
114
116
336
600
215
67
141
136
167
206
57
76
171
163
65
149
137
67
58
426
80
162
52
151
179
89
66
159
231
255
353
184
159
322
93
184
264
40
229
218
40
443
238
89
91
110
126
121
342
46
167
88
134
109
233
138
76
100
26
106
186
181
212
161
142
140
173
356
230
144
286
58
324
263
323
63
387
108
147
359
32
77
57
85
40
224
212
246
190
156
267
238
108
171
139
136
77
265
157
121
203
94
203
218
144
75
161
208
30
297
75
71
318
71
147
173
149
172
63
65
113
60
144
287
125
29
89
31
61
65
153
97
166
134
382
184
189
161
108
60
135
143
107
255
136
156
101
172
64
163
350
116
92
152
279
300
372
155
152
194
110
247
307
352
160
74
182
120
153
48
45
105
78
100
96
196
120
290
42
29
211
152
52
30
109
330
53
157
197
173
397
242
116
161
253
253
34
324
76
195
137
353
103
62
166
78
140
76
197
245
109
46
101
46
119
127
140
292
210
23
208
133
195
269
52
189
196
33
373
92
98
107
241
320
104
34
135
205
78
61
40
123
249
31
52
374
105
245
147
96
74
143
46
36
95
45
178
75
181
124
177
33
142
240
120
217
82
145
359
168
245
195
113
108
44
248
58
296
67
127
270
90
376
51
101
236
99
183
171
434
99
239
222
104
357
102
160
396
27
99
48
185
39
90
153
48
30
191
317
34
134
86
39
140
144
139
253
240
325
198
55
180
53
135
154
164
41
183
143
301
338
343
151
178
428
213
127
170
128
74
254
81
229
96
168
20
112
81
20
321
74
149
148
124
205
61
108
238
108
45
122
181
141
158
71
170
105
135
50
479
49
70
166
247
163
52
299
156
301
139
196
329
199
185
402
438
101
196
208
209
58
35
128
74
41
60
19
118
310
71
94
126
223
109
109
329
77
137
133
165
41
99
83
100
239
50
76
92
166
87
106
309
129
85
26
333
155
220
63
335
68
251
28
136
131
49
90
207
62
102
21
142
168
70
161
105
119
145
215
36
204
234
180
92
200
275
141
114
248
202
197
60
203
45
163
146
262
191
131
206
137
82
127
113
135
88
151
81
100
132
186
75
233
59
334
190
33
252
119
75
51
83
263
104
113
96
104
66
65
118
162
164
68
123
229
253
187
252
197
93
156
205
70
107
79
70
278
129
113
36
121
214
361
131
133
66
258
81
119
89
82
169
177
325
181
162
100
176
47
312
137
370
27
83
49
89
60
128
181
203
352
206
229
165
134
285
49
107
68
82
131
48
67
88
217
28
210
205
151
199
129
241
39
339
53
81
48
225
318
179
256
123
144
99
84
117
72
201
108
100
166
146
226
173
93
300
144
66
143
187
97
22
154
90
187
271
203
102
146
64
119
216
181
56
82
141
44
207
208
129
370
171
175
136
277
340
118
150
100
336
202
96
151
83
241
150
205
427
356
215
214
139
59
88
199
35
143
134
102
119
72
123
124
186
151
208
224
55
162
162
294
161
138
286
166
144
141
266
85
194
291
131
74
303
87
254
74
65
155
161
163
178
89
59
175
129
47
75
148
91
77
305
20
151
89
108
185
176
96
183
292
320
372
113
182
319
88
70
165
136
254
176
216
253
64
259
64
399
84
170
86
341
109
88
227
89
125
259
236
153
333
63
62
161
168
76
126
115
108
165
89
110
177
38
221
279
187
244
271
257
472
117
120
249
309
102
165
222
86
222
241
130
32
328
150
128
192
81
104
346
128
250
109
147
181
304
61
42
157
170
69
274
180
107
61
80
207
313
146
419
105
171
253
176
76
177
288
173
102
132
121
97
228
32
229
342
222
127
68
384
162
229
104
71
36
112
125
226
149
205
305
210
66
76
76
230
199
187
464
25
51
269
107
200
65
310
127
149
128
101
185
210
120
218
471
229
213
138
129
78
330
37
27
64
271
280
531
43
364
27
135
172
74
106
96
308
269
576
180
85
154
181
41
139
59
214
228
71
190
93
96
77
178
134
138
251
39
63
77
180
230
124
186
87
117
114
66
86
172
91
137
121
295
217
199
134
157
342
41
71
283
341
122
144
45
351
262
172
292
143
88
70
163
181
97
23
177
180
186
66
49
58
66
257
107
184
168
210
70
78
166
30
108
352
362
95
64
260
321
114
71
70
204
95
83
222
91
207
263
158
160
109
31
464
563
139
164
107
274
40
162
115
152
134
226
456
43
240
136
149
179
211
113
95
296
281
213
32
213
111
192
44
154
272
145
86
173
123
85
168
336
198
229
134
136
211
204
101
161
100
157
165
405
110
36
277
210
117
313
218
53
130
33
39
332
64
118
137
217
108
198
50
126
235
128
161
164
69
229
98
194
124
194
67
37
66
157
111
317
202
250
170
152
102
152
96
85
127
109
275
277
279
26
78
203
226
146
138
146
127
187
197
148
336
176
50
82
230
197
74
99
135
114
70
71
309
332
184
222
130
114
170
111
34
88
41
250
323
128
224
115
198
158
173
152
235
121
216
106
229
42
39
461
143
366
140
194
95
89
206
141
231
133
63
240
165
88
133
88
89
70
362
35
77
305
287
174
113
53
132
374
57
391
194
240
184
231
180
62
134
171
254
216
198
361
170
315
91
118
49
90
143
117
130
64
65
209
265
213
183
57
44
320
85
203
158
66
402
92
21
272
244
270
101
307
73
64
40
112
230
139
57
124
49
152
132
75
249
42
53
311
233
73
126
141
289
229
139
97
122
66
67
210
69
121
104
55
243
35
122
139
188
139
145
371
159
30
125
37
289
181
298
187
237
107
122
71
225
268
205
29
64
334
133
31
111
100
40
180
71
132
37
138
155
65
338
42
178
36
231
63
144
65
60
127
116
76
177
123
178
113
58
235
124
101
77
137
150
181
394
95
418
166
569
135
135
101
113
215
184
153
71
165
267
285
131
149
235
331
448
291
47
65
121
316
317
96
206
122
91
141
59
145
161
93
236
156
172
56
164
70
150
171
246
197
141
379
246
228
48
20
95
155
88
33
146
282
332
30
146
72
100
421
142
174
66
92
71
193
274
148
196
78
142
50
189
117
83
149
152
121
59
56
105
134
148
86
172
56
150
125
124
51
113
211
261
184
161
120
185
322
165
157
299
326
106
68
196
167
236
78
174
202
134
271
211
99
173
342
144
53
144
415
37
114
173
245
127
82
161
63
227
27
81
135
258
146
337
20
183
248
182
193
190
131
209
28
110
296
132
209
103
172
129
105
132
186
121
122
99
331
142
163
126
101
321
201
190
260
179
172
324
104
74
175
83
250
210
88
177
102
175
152
150
160
308
120
241
184
264
193
124
422
125
155
159
192
403
106
211
226
482
159
193
319
180
158
256
40
29
185
43
218
358
65
81
32
87
362
94
362
97
80
160
159
118
93
189
126
167
145
172
199
248
177
247
194
211
158
454
150
86
72
167
133
274
39
113
130
147
60
134
134
55
124
155
151
91
189
175
190
151
139
58
314
369
377
224
121
147
249
131
192
305
170
133
98
66
64
66
257
206
257
182
222
128
146
208
67
121
349
14
133
186
398
104
149
71
99
149
397
344
118
261
196
96
43
101
144
130
90
211
154
124
100
142
80
292
97
172
52
68
159
178
102
223
93
252
65
187
169
165
45
104
124
44
73
284
115
159
179
167
133
60
156
269
131
174
285
127
119
