43
45
103
86
53
73
51
46
58
28
48
57
50
48
73
80
60
48
43
74
47
85
111
31
48
80
92
70
22
80
45
53
67
110
91
58
113
73
98
63
31
22
91
71
49
45
48
26
67
21
43
96
85
42
74
42
46
58
47
72
51
48
117
77
50
54
45
147
67
24
37
47
70
63
46
104
53
45
84
97
27
46
77
44
57
50
46
43
76
53
53
46
49
45
26
48
117
48
50
42
102
61
48
40
51
74
39
26
76
110
47
93
72
72
111
24
138
43
48
56
47
76
48
62
89
103
30
75
66
24
49
66
79
57
48
48
49
62
117
53
45
43
74
41
103
47
80
94
47
73
47
65
94
50
89
48
61
102
47
70
42
50
49
53
44
49
108
40
21
43
47
42
53
91
63
44
131
74
28
98
98
70
95
48
105
84
47
61
44
76
59
81
46
23
45
30
47
49
57
50
47
114
46
78
37
120
38
32
43
44
49
101
35
64
56
44
132
53
37
101
77
33
64
79
49
96
38
48
46
58
48
117
42
108
26
49
88
62
61
48
73
45
67
45
40
90
