600
485
388
268
600
365
328
600
559
536
347
600
249
588
600
564
548
600
433
294
600
582
458
600
135
600
600
600
423
418
600
600
458
524
581
580
510
493
365
600
600
413
600
600
414
600
370
600
600
510
547
600
600
543
600
190
447
425
415
479
391
552
460
425
273
161
410
359
600
552
567
563
571
487
538
422
383
271
497
550
600
600
600
548
511
401
600
412
600
383
483
600
459
600
600
600
271
600
600
519
600
448
600
600
548
600
588
572
600
371
459
490
540
600
595
600
600
600
600
600
408
358
546
600
487
600
600
293
600
311
293
580
372
578
350
537
233
553
600
600
497
600
600
570
426
600
376
434
600
465
548
425
600
350
319
164
600
280
518
459
600
560
319
408
523
502
417
287
600
600
496
563
600
447
600
600
262
600
379
476
600
577
600
359
419
600
329
600
338
600
227
413
600
558
600
112
600
546
600
335
436
371
464
448
600
518
600
551
371
477
555
367
369
600
593
496
323
600
415
444
600
600
466
466
600
334
514
481
273
441
182
435
423
